<?xml version="1.0"?>
<opencv_storage>
<cameraMatrix type_id="opencv-matrix">
  <rows>3</rows>
  <cols>3</cols>
  <dt>d</dt>
  <data>
    5.2199791963802518e+03 0. 1.2142317468870735e+03 0.
    5.2061299979727100e+03 1.0355151712590762e+03 0. 0. 1.</data></cameraMatrix>
<distCoeffs type_id="opencv-matrix">
  <rows>1</rows>
  <cols>5</cols>
  <dt>d</dt>
  <data>
    -5.5490004618481092e-01 4.9659352086092179e+00
    -4.1776365856363096e-03 -3.5632717677719556e-03
    -7.0915396860777349e+01</data></distCoeffs>
<rotation>
  -3.1313351498717501e+00 9.9618527365310516e-02 1.2957600844128728e-01
  -3.1289499728819141e+00 9.9755077436664494e-02 1.3084306459394754e-01
  -3.1324776524649911e+00 9.9783776659953763e-02 1.2700822785704771e-01
  3.1409441566042271e+00 -9.9673698002468197e-02 -1.2261941495966824e-01
  3.1414444605327558e+00 -9.9784306652162702e-02 -1.2138830345442747e-01
  3.1401088440706197e+00 -9.9741184964114021e-02 -1.2941779218484512e-01
  3.1387882812356152e+00 -9.9917975016388536e-02 -1.3579361236156928e-01
  -3.1322695461195993e+00 9.9419916123088564e-02 1.3540748901900565e-01
  -3.1309593261410913e+00 9.9504355444439682e-02 1.3591561741567365e-01</rotation>
<translation>
  -8.3650776398484979e+01 6.3160692353006155e+01 2.5173880668352908e+03
  -7.8764203032754267e+01 1.8771506218253123e+02 2.5137864574663054e+03
  4.2932227429471411e+01 1.8313506442917864e+02 2.5022053901276663e+03
  3.8202570177545667e+01 5.8435994417692008e+01 2.5059189361264130e+03
  3.2865285668588967e+01 -6.6465035824840328e+01 2.5095499222046437e+03
  -8.8110157133823762e+01 -6.1877306118900592e+01 2.5208121261471188e+03
  -2.0953066293602208e+02 -5.6957589648477651e+01 2.5332262934476294e+03
  -2.0532183210223769e+02 6.8222661166083242e+01 2.5298761378005256e+03
  -2.0080137972212307e+02 1.9268603456016089e+02 2.5261318873622599e+03</translation>
</opencv_storage>
